*벚꽃엔딩

      youtube      melon  bugs     genie      total
다운로드      0.0  13.862944   0.0  0.000000  13.862944
하트        0.0  11.783502   0.0  0.000000  11.783502
추억        0.0   4.602913   0.0  6.041324  10.644237
스물        0.0   4.027549   0.0  5.178277   9.205826
더         0.0   6.041324   0.0  2.876821   8.918144
실화        0.0   5.753641   0.0  2.589139   8.342780
이번        0.0   5.753641   0.0  2.301457   8.055098
재생        0.0   6.329006   0.0  1.726092   8.055098
입대        0.0   0.000000   0.0  7.624619   7.624619
오르다       0.0   5.465959   0.0  2.013775   7.479734

*다시,봄

        youtube      melon      bugs     genie      total
다운로드   0.000000  26.339593  0.000000  0.000000  26.339593
방탄     0.000000  15.247150  0.000000  0.575364  15.822514
순위     0.000000  13.862944  0.000000  0.000000  13.862944
재생     0.000000  12.082647  0.287682  0.000000  12.370329
화살    10.931919   0.000000  0.000000  0.287682  11.219601
아미     0.000000  10.397208  0.000000  0.000000  10.397208
대단하다   0.000000   9.704061  0.000000  0.000000   9.704061
여기     1.438410   6.904370  0.000000  0.000000   8.342780
개념     0.000000   8.317766  0.000000  0.000000   8.317766
올라가다   0.000000   7.624619  0.000000  0.000000   7.624619

*꽃송이가

       youtube       melon  bugs     genie       total
위     0.000000  111.596696   0.0  0.000000  111.596696
차트    0.000000   96.347458   0.0  0.000000   96.347458
좀비    0.000000   85.950250   0.0  0.000000   85.950250
올라오다  0.000000   46.029132   0.0  0.287682   46.316814
순위    0.000000   38.123095   0.0  0.000000   38.123095
연금    0.000000   33.083438   0.0  0.575364   33.658802
매년    0.000000   27.725887   0.0  0.000000   27.725887
올라가다  0.000000   24.260151   0.0  0.000000   24.260151
수     0.000000   23.567004   0.0  0.000000   23.567004
다시    0.863046   20.137745   0.0  0.000000   21.000791

