*벚꽃엔딩

    youtube melon bugs genie  total
봄        15   471   42   329  857.0
벚꽃       12   432   45   297  786.0
노래       13   415   34   262  724.0
엔딩        6   155   19    81  261.0
올해        1    68    7    54  130.0
다시        1    70   10    45  126.0
나오다       3    57    5    44  109.0
이제        1    56   12    36  105.0
없다        5    56    4    40  105.0
슬슬        1    59   11    24   95.0

*나만,봄

    youtube melon bugs genie  total
노래      175   339    9    46  569.0
봄       127   139    6    61  333.0
볼        45   109    4    15  173.0
사춘기      32    80    3     3  118.0
빨갛다      33    68    4     5  110.0
사람       39    38    0    12   89.0
넘다       29    37    1     7   74.0
없다       41    27    1     5   74.0
아니다      19    37    1    12   69.0
나오다      21    38    1     7   67.0

*꽃송이가
    youtube melon bugs genie  total
봄        21   471    0    10  502.0
노래       66   415    2     9  492.0
벚꽃       15   432    0     4  451.0
엔딩        9   155    0     3  167.0
꽃송이      95     5    0     8  108.0
사람       81    23    0     2  106.0
그렇다      75    20    0     7  102.0
없다       21    56    0     5   82.0
다시        3    70    0     0   73.0
올해        0    68    0     1   69.0
